---                                       -----------                                                                                 ------
111 -1 -1 -1 -1 -1 -1 -1 -1 -1 -1 -1 -1 -111111111111 -1 -1 -1 -1 -1 -1 -1 -1 -1 -1 -1 -1 -1 -1 -1 -1 -1 -1 -1 -1 -1 -1 -1 -1 -1 -1 -1111111 -1 -1 -1 -1 -1 -1 -1 -1 -1 -1 -1 -1 -1 -1 -1 -1 -1 -1 -1 -1 -1 -1 -1 -1 -1 -1 -1 -1 -1 -1 -1 -1 -1 -1 -1 -1 -1 -1 -1 -1
---                                       -----------                                                                                 ------
111 -1 -1 -1 -1 -1 -1 -1 -1 -1 -1 -1 -1 -111111111111 -1 -1 -1 -1 -1 -1 -1 -1 -1 -1 -1 -1 -1 -1 -1 -1 -1 -1 -1 -1 -1 -1 -1 -1 -1 -1 -1111111 -1 -1 -1 -1 -1 -1 -1 -1 -1 -1 -1 -1 -1 -1 -1 -1 -1 -1 -1 -1 -1 -1 -1 -1 -1 -1 -1 -1 -1 -1 -1 -1 -1 -1 -1 -1 -1 -1 -1 -1
---                                       -----------                                                                                 ------
111 -1 -1 -1 -1 -1 -1 -1 -1 -1 -1 -1 -1 -111111111111 -1 -110 1 1 111 -1 -1 -1 -1 -1 -1 -1 -1 -1 -1 -1 -1 -1 -1 -1 -1 -1 -1 -1 -1111111 -1 -1 -1 -1 -1 -1 -1 -1 -1 -1 -1 -1 -1 -1 -1 -1 -1 -1 -1 -1 -1 -1 -1 -1 -1 -1 -1 -1 -1 -1 -1 -1 -1 -1 -1 -1 -1 -1 -1 -1
---                                       ----------                                                                                  ------
111 -1 -1 -1 -1 -1 -1 -1 -1 -1 -1 -1 -1 -111111111110 1 1 4 4 4 4 4 2 -1 -1 -1 -1 -1 -1 -1 -1 -1 -1 -1 -1 -1 -1 -1 -1 -1 -1 -1111111 -1 -1 -1 -1 -1 -1 -1 -1 -1 -1 -1 -1 -1 -1 -1 -1 -1 -1 -1 -1 -1 -1 -1 -1 -1 -1 -1 -1 -1 -1 -1 -1 -1 -1 -1 -1 -1 -1 -1 -1
---                                       ----------
111 -110 1 1 1 1 111 -1 -1 -1 -1 -111111111113 4 4 4 4 4 4 4 4 -1 -1 -1 -1 -1 -1 -110 0 1 1 1 1 1 1 1 1 1 1111111 1 1 1 211 -1 -1 -1 -1 -1 -1 -1 -1 -1 -1 -1 -1 -1 -1 -1 -1 -1 -1 -1 -1 -1 -1 -1 -1 -1 -1 -1 -1 -1 -1 -1 -1 -1 -1 -1
---                                       ------
111 0 4 4 4 4 4 4 411 -1 -1 -1 -111111111113 4 4 4 4 4 4 4 4 -1 -1 -1 -1 -1 -1 -1 7 4 4 4 4 4 4 4 4 4 4 4444444 4 4 4 4 9 -1 -1 -1 -1 -1 -1 -1 -1 -1 -1 -1 -1 -1 -1 -1 -1 -1 -1 -1 -1 -1 -1 -1 -1 -1 -1 -1 -1 -110 1 1 1 1 1
---                                         --------
111 3 4 4 4 4 4 4 4 4 1 1 1 112111111113 4 4 4 4 4 4 4 -1 -1 -1 -1 -1 -1 -1 -1 -1 7 4 4 4 4 4 4 4 4 4 4444444 4 4 9 -1 -1 -1 -1 -1 -1 -1 -1 -1 -1 -1 -1 -1 -1 -1 -1 -1 -1 -1 -1 -1 -1 -1 -1 -1 -1 -1 -1 -1 0 1 4 4 4 4 4 4
---                                         --------
111 3 4 4 4 4 4 4 4 4 4 4 4 444111111117 4 4 4 4 4 4 4 -1 -1 -1 -1 -1 -1 -1 -1 -1 -1 -1 7 4 4 4 4 4 4 4 4444444 9 -1 -1 -1 -1 -1 -1 -1 -1 -1 -1 -1 -1 -1 -1 -1 -1 -1 -1 -1 -1 -1 -1 -1 -1 -1 -1 -1 -1 -1 -1 -1 412121212121212
---                                         ---------                                                                                      --
111 3 4 4 4 4 4 4 4 4 4 4 4 444111111111 7 4 4 4 4 4 -1 -1 -1 -1 -1 1 1 1 1 -1 -1 -1 -1 -1 -1 -1 7 4 4 4 4444911 -1 -1 -1 -1 -1 -1 -1 -1 -1 -1 -1 -1 -1 -1 -1 -1 -1 -1 -1 -1 -1 -1 -1 -1 -1 -1 -1 -1 -1 -110 1 412121212121212
---                                          --------                                                                                    ----
111 3 4 4 4 4 4 4 4 4 4 4 4 444111111111 -1 -1 -1 -1 -1 -1 -1 -1 -1 -1 -1 -1 -1 -1 -1 -1 -1 -1 -1 -1 -1 -1 -1 -1 -1 4 4441111 -1 -1 -1 -1 -1 -1 -1 -1 -1 -1 -1 -1 -1 -1 -1 -1 -1 -1 -1 -1 -1 -1 -1 -1 -1 -1 -1 -110 1 4121212121212121212
---                                          --------                                                                                    ----
111 3 4 4 4 4 4 4 4 4 4 4 4 444411111111 -1 -1 -1 -1 -1 -1 -1 -1 -1 -1 -1 -1 -1 -1 -1 -1 -1 -1 -1 -1 -1 -1 -1 -1 -1 4 4491111 -1 -1 -1 -1 -1 -1 -1 -1 -1 -1 -1 -1 -1 -1 -1 -1 -1 -1 -1 -1 -1 -1 -1 -1 -1 -1 0 1 4 412121212121212121212
---                                           -------                                                                                  -----
111 3 4 4 4 4 4 4 4 4 4 4 4 444421111111 -1 -1 -1 -1 -1 -1 -1 -1 -1 -1 -1 -1 -1 -1 -1 -1 -1 -1 -1 -1 -1 -1 -1 -1 -1 4 4911111 -1 -1 -1 -1 -1 -1 -1 -1 -1 -1 -1 -1 -1 -1 -1 -1 -1 -1 -1 -1 -1 -1 -1 -1 -1 -1 7 4 4 412121212121212121212
---                                           -------                                                                                 ------
111 3 4 4 4 4 4 4 4 4 4 4 4 444451111111 -1 -1 -1 -1 -1 -1 -1 -1 -1 -1 -1 -1 -1 -1 -1 -1 -1 -1 -1 -1 -1 -1 -1 -1 -1 7 9111111 -1 -1 -1 -1 -1 -1 -1 -1 -1 -1 -1 -1 -1 -1 -1 -1 -1 -1 -1 -1 -1 -1 -1 -1 -1 -1 -1 -1 7 812121212121212121212
---                                           -------                                                                                 ------
111 7 8 8 8 8 8 8 8 8 8 8 8 888891111111 -1 -1 -1 -1 -110 1 1 1 1 1 1 2 -1 -1 -1 -1 -1 -1 -1 -1 -1 -1 -1 -1 -1 -1111111 -1 -1 -1 -1 -1 -1 0 1 1 1 1 1 1 1 1 1 1 1 1 111 -1 -1 -1 -1 -1 -1 -1 -1 -1 4121212121212121212
---                                       -----------                                                                                 ------
111 -1 -1 -1 -1 -1 -1 -1 -1 -1 -1 -1 -1 -111111111111 -1 -1 -1 -110 4 4 4 4 4 4 4 4 1 1 1 1 1 111 -1 -1 -1 -1 -1 -1 -1111111 -1 -1 -1 -1 -1 -1 4 4 4 4 4 4 4 4 4 4 4 4 4 4 4 -1 -1 -1 -1 -1 -1 -1 -1 -1 4121212121212121212
---                                       -----------                                                                                 ------
111 -1 -1 -1 -1 -1 -1 -1 -1 -1 -1 -1 -1 -111111111111 -1 -1 -1 -1 4 4 4 4 4 4 4 4 4 4 4 4 4 4 4 4 -1 -1 -1 -1 -1 -1 -1111111 -1 -1 -1 -1 -110 412121212121212121212121212 4 1 1 1 1 2 -1 -1 -1 -1 7 4 4 4 4 4 4 4 4 9
---                                       -----------                                                                                 ------
111 -1 -1 -1 -1 -1 -1 -1 -1 -1 -1 -1 -1 -111111111111 -1 -1 -1 -1 4 4 4 4 4 4 4 4 4 4 4 4 4 4 4 4 -1 -1 -1 -1 -1 -1 -1111111 -1 -1 -1 -1 0 4 41212 4 4 4 4 4 4 4 4 4 4 412 4 4 4 4 5 -1 -1 -1 -1 -1 7 8 8 8 8 8 8 9 -1
--                                        -----------                                                                                 ------
110 111 -1 -1 -1 -1 -1 -1 -1 -1 -1 -1 -111111111111 -110 1 1 4 4 4 4 4 4 4 4 4 4 4 4 4 4 4 4 1 1 111 -1 -1 -1111111 -1 -1 -1 -1 4121212 4 4 4 4 4 4 4 4 4 4 4 41212 4 412 5 -1 -1 -1 -1 -1 -1 -1 -1 -1 -1 -1 -1 -1 -1
--                                        -----------                                                                                 ------
115 4 4 -1 -1 -1 -1 -1 -1 -1 -1 -1 -1 -11111111111110 4 4 4 4 4 4 4 4 412121212121212 4 4 4 4 4 4 4 -1 -1 -1111111 -1 0 1 1 41212 4 4 4 4 4 4 4 4 4 4 4 4 4 4 4121212 5 -1 -1 -1 -1 -1 -1 -1 -1 -1 -1 -1 -1 -1 -1
--                                        ------                                                                                      ------
115 4 4 1 -1 -1 -1 -1 -1 -1 -1 -1 -1 -111111111011 4 4 4121212121212 412121212121212 4 4 4 4 4 4 4 -1 -1 -1111111 -1 7 8 8 412 4 4 4 4 4 4 4 4 4 4 4 4 4 4 4 4 41212 5 -1 -1 -1 -1 -1 -1 -1 -1 -1 -1 -1 -1 -1 -1
--                                        ------                                                                                           --
115 4 4 4 1 -1 -1 -1 -1 -1 -1 -1 -1 -111111174444 4 4121212121212 4 4 4 41212121212 41212 4 4 4 4 1 1 1111211 -1 -1 -1 -1 412 4 4 4 4 4 4 4 4 4 4 4 4 4 4 4121212 4 9 -1 -1 -1 -1 -1 -1 -1 -1 -1 -1 -1 -1 -1 -1
--                                        ----------                                                                                       --
1151212 4 4 1 -1 -1 -1 -1 -1 -1 -1 -111111111114 4 4121212121212 4 4 4 412121212 4 412121212 4 4 4 4 4444511 -1 -1 -1 -1 41212 4 41212121212121212121212121212 4 9 -1 -1 -1 -1 -1 -1 -1 -1 -1 -1 -1 -1 -1 -1 -1
--                                        -----------                                                                                      --
115 4121212 4 1 111 -1 -1 -1 -1 -111111111111 3 4 41212121212121212 4121212 4 4 4121212121212 4 4 4444511 -1 -1 -1 -1 7 8 8 8 8 8 8 8 8 8 8 8 8 8 8 8 8 8 8 9 -1 -1 -1 -1 -1 -1 -1 -1 -1 -1 -1 0 1 1 2 -1
--                                        -----------                                                                                      --
115 41212 4 4 4 4 4 -1 -1 -1 -1 -111111111111 3 4 4 4 4 4121212121212121212 4 4 412121212121212 4 4444911 -1 -1 -1 -1 -1 -1 -1 -1 -1 -1 -1 -1 -1 -1 -1 -1 -1 -1 -1 -1 -1 -1 -1 -1 -1 -1 -1 -1 -1 -1 -1 -1 -1 -1 -1 4 4 4 4 1
--                                           --------                                                                                     ---
115 412121212 4 4 4 1 1 1 1 111211111111 3 4 4 4 4 4 4 4 4 412121212121212 41212 4 4 4121212 4445111 -1 -1 -1 -1 -1 -1 -1 -1 -1 -1 -1 -1 -1 -1 -1 -1 -1 -1 -1 -1 -1 -1 -1 -1 -1 -1 -1 -1 -1 -1 -1 -1 -1 -1 -1 412121212
--                                           --------                                                                                     ---
115 41212121212 4 4 4 4 4 4 444411111111 7 8 8 8 4 4 4 4 4 4 4 41212121212 412 4 4 4 412121212445111 1 111 -1 -1 -1 -1 -1 -1 -1 -1 -1 -1 -1 -1 -1 -1 -1 -1 -1 -1 -1 -1 -1 -1 -1 -1 -1 -1 -1 -1 -1 -1 -1 -1 412121212
--                                               -----                                                                                    ---
115 4 4121212121212121212121244411211111 -1 -1 -1 -1 7 8 8 4 4 4 4 4 4 4121212 4121212121212121212445111 3 4 411 -1 -1 -1 -1 -1 -1 -1 -1 -1 -1 -1 -1 -1 -1 -1 -1 -1 -1 -1 -1 -1 -1 -1 -1 -1 -1 -1 -1 -1 -1 -1 412121212
--                                               -----                                                                                    ---
115 4 4 4 4 4 4 412121212121244444511111 -1 -1 -1 -1 -1 -1 -1 7 4 4 4 4 4 4 4 4 4 4 4 4 4 4 4 4 4 4 4445111 7 4 4 4 1 1 -1 -1 -1 -1 -1 -1 -1 -1 -1 -1 -1 -1 -1 -1 -1 -1 -1 -1 -1 -1 -1 -1 -1 -1 -1 0 1 1 1 412121212
--                                               -----                                                                                    ---
115 4 4 4 4 4 4 4 4 4 4 4 4 444444511111 -1 -1 -1 -1 -1 -1 -1 -1 7 8 4 4 4 4 4 4 4 4 4 4 4 4 4 4 4 4 4449111 -1 -1 -1 -1 -1 -1 -1 -1 -1 -1 -1 -1 -1 -1 -1 -1 -1 -1 -1 -1 -1 -1 -1 -1 -1 -1 -1 -1 -1 -1 -1 7 8 8 8 8 8 8 8 8
--                                               -----                                                                                   ----
117 8 8 8 8 8 8 8 8 8 8 8 8 888888911111 -1 -1 -1 -1 -1 -1 -1 -1 -1 -1 -1 8 8 8 8 8 8 8 8 8 8 8 8 8 8 8 8891111 -1 -1 -1 -1 -1 -1 -1 -1 -1 -1 -1 -1 -1 -1 -1 -1 -1 -1 -1 -1 -1 -1 -1 -1 -1 -1 -1 -1 -1 -1 -1 -1 -1 -1 -1 -1 -1 -1 -1 -1
---                                       -----------                                                                                 ------
111 -1 -1 -1 -1 -1 -1 -1 -1 -1 -1 -1 -1 -111111111111 -1 -1 -1 -1 -1 -1 -1 -1 -1 -1 -1 -1 -1 -1 -1 -1 -1 -1 -1 -1 -1 -1 -1 -1 -1 -1 -1111111 -1 -1 -1 -1 -1 -1 -1 -1 -1 -1 -1 -1 -1 -1 -1 -1 -1 -1 -1 -1 -1 -1 -1 -1 -1 -1 -1 -1 -1 -1 -1 -1 -1 -1 -1 -1 -1 -1 -1 -1
---                                       -----------                                                                                 ------
111 -1 -1 -1 -1 -1 -1 -1 -1 -1 -1 -1 -1 -111111111111 -1 -1 -1 -1 -1 -1 -1 -1 -1 -1 -1 -1 -1 -1 -1 -1 -1 -1 -1 -1 -1 -1 -1 -1 -1 -1 -1111111 -1 -1 -1 -1 -1 -1 -1 -1 -1 -1 -1 -1 -1 -1 -1 -1 -1 -1 -1 -1 -1 -1 -1 -1 -1 -1 -1 -1 -1 -1 -1 -1 -1 -1 -1 -1 -1 -1 -1 -1
---                                       -----------                                                                                 ------
111 -1 -1 -1 -1 -1 -1 -1 -1 -1 -1 -1 -1 -111111111111 -1 -1 -1 -1 -1 -1 -1 -1 -1 -1 -1 -1 -1 -1 -1 -1 -1 -1 -1 -1 -1 -1 -1 -1 -1 -1 -1111111 -1 -1 -1 -1 -1 -1 0 1 1 1 1 1 1 1 1 1 1 1 1 1 1 1 1 1 1 1 1 1 1 1 1 2 -1 -1 -1 -1 -1 -1 -1 -1
---                                       -----------                                                                                 ------
111 -1 -1 -1 -1 -1 -1 -1 -1 -1 -1 -1 -1 -111111111111 -1 -1 -1 -1 -1 -1 -1 -1 -1 -1 -1 -1 -1 -1 -1 -1 -1 -1 -1 -1 0 1 2 -1 -1 -1 -1111111 -1 -1 -1 -1 -1 -1 4 4 4 4 4 4 4 4 4 4 4 4 4 4 4 4 4 4 4 4 4 4 4 4 4 4 -1 -1 -1 -1 -1 -1 -1 -1
---                                       -----------                                                                                 ------
111 -1 -1 -1 -1 -1 -1 -1 -1 -1 -1 -1 -1 -111111111111 -1 -1 -1 -1 -1 -1 -1 -1 -1 -1 -1 -1 -1 -1 -1 -1 0 1 1 1 4 4 411 -1 -1 -1111111 -1 -1 -1 -1 -1 -1 4 4121212121212121212121212121212 4 4 41212121212 4 1 1 111 -1 -1 -1 -1
---                                       ---------                                                                                   --
111 -1 -1 -1 -1 -1 -1 -1 -1 -1 -1 -1 -1 -111111111101 1 1 1 1 1 1 2 -1 -1 -1 -1 -1 -1 -1 -1 -1 4 4 4 4 4 4 4 4 -1 -1 -1110111 1 1 1 1 1 1 4 412121212121212 4 4121212121212 4 4 41212121212 4 4 4 4 411 -1 -1 -1
---                                       ---------                                                                                   --
111 -1 -1 -1 -1 -1 -1 -1 -1 -1 -1 -1 -1 -111111111178 4 4 4 4 4 4 4 1 1 -1 -1 -1 -1 -1 -1 -1 4 4121212 4 4 4 -1 -1 -1114444 4 4 4 4 4 4 4 41212 4 4 412 4 4 41212 4 4 4 4 4 4 4 41212121212121212 4 4 1 1 1
---                                       -----------                                                                                 ---
111 -1 -1 -1 -1 -1 -1 -1 -1 -1 -1 -1 -1 -111111111111 7 4 4 4 4 4 4 4 4 1 1 -1 -1 -1 -1 1 412121212 4 4 4 1 -1 -11117881212121212121212 4 4 4 4 4 4 4 41212 4 4 4 4 41212 4 4 4 4 4 4 412121212 4 4 4 4
---                                       -----------                                                                                 ------
111 -1 -1 -1 -1 -1 -1 -1 -1 -1 -1 -1 -1 -111111111111 -1 7 4 4 4121212 4 4 4 1 1 -1 1 4 412121212 4 4 4 5 -1 -1111111 7 8 8121212 4 4 4 4 4 4 4 4 412 4 4 4 4 4 4 4121212 4 4 4 4 4 4 4 4121212121212
---                                       -----------                                                                                 ------
111 -1 -1 -1 -1 -1 -1 -1 -1 -1 -1 -1 -1 -111111111111 -1 -1 7 4 4 4121212 4 4 4 4 1 4121212121212 4 4 4 5 -1 -1111111 -1 -1 -1 7 812121212 4 4 412121212 4 4 4 4 4 4 41212121212 4 4 4121212121212121212
---                                       -----------                                                                                 ------
111 -1 -1 -1 -1 -1 -1 -1 -1 -1 -1 -1 -1 -111111111111 -1 -1 -1 7 4 4 412121212 4 4 41212121212121212 4 4 9 -1 -1111111 -1 -1 -1 -1 -1 7 412121212 412121212 4121212121212121212121212121212121212 4 8 8 8 8
---                                       -----------                                                                                 ------
111 -1 -1 -1 -1 -1 -1 -1 -1 -1 -1 -1 -1 -111111111111 -1 -1 -1 -1 7 4 4 4 412121212 41212121212121212 4 9 -1 -1 -1111111 -1 -1 -1 -1 -1 -1 -1 7 8 8 8 8 8 8 8 8 8 8 8 8 8 8 8 8 8 8 8 8 8 8 8 8 8 8 8 9 -1 -1 -1 -1
---                                       -----------                                                                                 ------
111 -1 -1 -1 -1 -1 -1 -1 -1 -1 -1 -1 -1 -111111111111 -1 -1 -1 -1 -1 -1 7 4 41212121212 41212 4 4 4 4 4 4 -1 -1 -1 -1111111 -1 -1 -1 -1 -1 -1 -1 -1 -1 -1 -1 -1 -1 -1 -1 -1 -1 -1 -1 -1 -1 -1 -1 -1 -1 -1 -1 -1 -1 -1 -1 -1 -1 -1 -1 -1 -1 -1 -1 -1
---                                       -----------                                                                                 ------
111 -1 -1 -1 -1 -1 -1 -1 -1 -1 -1 -1 -1 -111111111111 -1 -1 -1 -1 -1 -1 -1 7 4 4121212 4 4 4 4 4 4 4 4 4 4 -1 -1 -1 -1111111 -1 -1 -1 -1 -1 -1 -1 -1 -1 -1 -1 -1 -1 -1 -1 -1 -1 -1 -1 -1 -1 -1 -1 -1 -1 -1 -1 -1 -1 -1 -1 -1 -1 -1 -1 -1 -1 -1 -1 -1
---                                       -----------                                                                                 ------
111 -1 -1 -1 -1 -1 -1 -1 -1 -1 -1 -1 -1 -111111111111 -1 -1 -1 -1 -1 -1 -1 -1 4 4 4 4 4 4 4 4 4 4 4 4 4 8 9 -1 -1 -1 -1111111 -1 -1 -1 -1 -1 -1 -1 -1 -1 -1 -1 -1 -1 -1 -1 -1 -1 -1 -1 -1 -1 -1 -1 -1 -1 -1 -1 -1 -1 -1 -1 -1 -1 -1 -1 -1 -1 -1 -1 -1
---                                       -----------                                                                                 ------
111 -1 -1 -1 -1 -1 -1 -1 -1 -1 -1 -1 -1 -111111111111 -1 -1 -1 -1 -1 -1 -1 -1 7 8 8 8 4 4 4 4 4 4 4 4 9 -1 -1 -1 -1 -1 -1111111 -1 -1 -1 -1 -1 -1 -1 -1 -1 -1 -1 -1 -1 -1 -1 -1 -1 -1 -1 -1 -1 -1 -1 -1 -1 -1 -1 -1 -1 -1 -1 -1 -1 -1 -1 -1 -1 -1 -1 -1
---                                       -----------                                                                                 ------
111 -1 -1 -1 -1 -1 -1 -1 -1 -1 -1 -1 -1 -111111111111 -1 -1 -1 -1 -1 -1 -1 -1 -1 -1 -1 -1 7 8 8 8 8 8 8 9 -1 -1 -1 -1 -1 -1 -1111111 -1 -1 -1 -1 -1 -1 -1 -1 -1 -1 -1 -1 -1 -1 -1 -1 -1 -1 -1 -1 -1 -1 -1 -1 -1 -1 -1 -1 -1 -1 -1 -1 -1 -1 -1 -1 -1 -1 -1 -1
---                                       -----------                                                                                 ------
111 -1 -1 -1 -1 -1 -1 -1 -1 -1 -1 -1 -1 -111111111111 -1 -1 -1 -1 -1 -1 -1 -1 -1 -1 -1 -1 -1 -1 -1 -1 -1 -1 -1 -1 -1 -1 -1 -1 -1 -1 -1111111 -1 -1 -1 -1 -1 -1 -1 -1 -1 -1 -1 -1 -1 -1 -1 -1 -1 -1 -1 -1 -1 -1 -1 -1 -1 -1 -1 -1 -1 -1 -1 -1 -1 -1 -1 -1 -1 -1 -1 -1
---                                       -----------                                                                                 ------
111 -1 -1 -1 -1 -1 -1 -1 -1 -1 -1 -1 -1 -111111111111 -1 -1 -1 -1 -1 -1 -1 -1 -1 -1 -1 -1 -1 -1 -1 -1 -1 -1 -1 -1 -1 -1 -1 -1 -1 -1 -1111111 -1 -1 -1 -1 -1 -1 -1 -1 -1 -1 -1 -1 -1 -1 -1 -1 -1 -1 -1 -1 -1 -1 -1 -1 -1 -1 -1 -1 -1 -1 -1 -1 -1 -1 -1 -1 -1 -1 -1 -1
---                                       -----------                                                                                 ------
111 -1 -1 -1 -1 -1 -1 -1 -1 -1 -1 -1 -1 -111111111111 -1 -1 -1 -1 -1 -1 -1 -1 -1 -1 -1 -1 -1 -1 -1 -1 -1 -1 -1 -1 -1 -1 -1 -1 -1 -1 -1111111 -1 -1 -1 -1 -1 -1 -1 -1 -1 -1 -1 -1 -1 -1 -1 -1 -1 -1 -1 -1 -1 -1 -1 -1 -1 -1 -1 -1 -1 -1 -1 -1 -1 -1 -1 -1 -1 -1 -1 -1
---                                       -----------                                                                                 ------
111 -1 -1 -1 -1 -1 -1 -1 -1 -1 -1 -1 -1 -111111111111 -1 -1 -1 -1 -1 -1 -1 -1 -1 -1 -1 -1 -1 -1 -1 -1 -1 -1 -1 -1 -1 -1 -1 -1 -1 -1 -1111111 -1 -1 -1 -1 -1 -1 -1 -1 -1 -1 -1 -1 -1 -1 -1 -1 -1 -1 -1 -1 -1 -1 -1 -1 -1 -1 -1 -1 -1 -1 -1 -1 -1 -1 -1 -1 -1 -1 -1 -1
---                                       -----------                                                                                 ------
111 -1 -1 -1 -1 -1 -1 -1 -1 -1 -1 -1 -1 -111111111111 -1 -1 -1 -1 -1 -1 -1 -1 -1 -1 -1 -1 -1 -1 -1 -1 -1 -1 -1 -1 -1 -1 -1 -1 -1 -1 -1111111 -1 -1 -1 -1 -1 -1 -1 -1 -1 -1 -1 -1 -1 -1 -1 -1 -1 -1 -1 -1 -1 -1 -1 -1 -1 -1 -1 -1 -1 -1 -1 -1 -1 -1 -1 -1 -1 -1 -1 -1
---                                       -----------                                                                                 ------
111 -1 -1 -1 -1 -1 -1 -1 -1 -1 -1 -1 -1 -111111111111 -1 -1 -1 -1 -1 -1 -1 -1 -1 -1 -1 -1 -1 -1 -1 -1 -1 -1 -1 -1 -1 -1 -1 -1 -1 -1 -1111111 -1 -1 -1 -1 -1 -1 -1 -1 -1 -1 -1 -1 -1 -1 -1 -1 -1 -1 -1 -1 -1 -1 -1 -1 -1 -1 -1 -1 -1 -1 -1 -1 -1 -1 -1 -1 -1 -1 -1 -1
---                                       -----------                                                                                 ------
111 -1 -1 -1 -1 -1 -1 -1 -1 -1 -1 -1 -1 -111111111111 -1 -1 -1 -1 -1 -1 -1 -1 -1 -1 -1 -1 -1 -1 -1 -1 -1 -1 -1 -1 -1 -1 -1 -1 -1 -1 -1111111 -1 -1 -1 -1 -1 -1 -1 -1 -1 -1 -1 -1 -1 -1 -1 -1 -1 -1 -1 -1 -1 -1 -1 -1 -1 -1 -1 -1 -1 -1 -1 -1 -1 -1 -1 -1 -1 -1 -1 -1
---                                       -----------                                                                                 ------
111 -1 -1 -1 -1 -1 -1 -1 -1 -1 -1 -1 -1 -111111111111 -1 -1 -1 -1 -1 -1 -1 -1 -1 -1 -1 -1 -1 -1 -1 -1 -1 -1 -1 -1 -1 -1 -1 -1 -1 -1 -1111111 -1 -1 -1 -1 -1 -1 -1 -1 -1 -1 -1 -1 -1 -1 -1 -1 -1 -1 -1 -1 -1 -1 -1 -1 -1 -1 -1 -1 -1 -1 -1 -1 -1 -1 -1 -1 -1 -1 -1 -1
---                                       -----------                                                                                 ------
111 -1 -1 -1 -1 -1 -1 -1 -1 -1 -1 -1 -1 -111111111111 -1 -1 -1 -1 -1 -1 -1 -1 -1 -1 -1 -1 -1 -1 -1 -1 -1 -1 -1 -1 -1 -1 -1 -1 -1 -1 -1111111 -1 -1 -1 -1 -1 -1 -1 -1 -1 -1 -1 -1 -1 -1 -1 -1 -1 -1 -1 -1 -1 -1 -1 -1 -1 -1 -1 -1 -1 -1 -1 -1 -1 -1 -1 -1 -1 -1 -1 -1
---                                       -----------                                                                                 ------
111 -1 -1 -1 -1 -1 -1 -1 -1 -1 -1 -1 -1 -111111111111 -1 -1 -1 -1 -1 -1 -1 -1 -1 -1 -1 -1 -1 -1 -1 -1 -1 -1 -1 -1 -1 -1 -1 -1 -1 -1 -1111111 -1 -1 -1 -1 -1 -1 -1 -1 -1 -1 -1 -1 -1 -1 -1 -1 -1 -1 -1 -1 -1 -1 -1 -1 -1 -1 -1 -1 -1 -1 -1 -1 -1 -1 -1 -1 -1 -1 -1 -1
---                                       -----------                                                                                 ------
111 -1 -1 -1 -1 -1 -1 -1 -1 -1 -1 -1 -1 -111111111111 -1 -1 -1 -1 -1 -1 -1 -1 -1 -1 -1 -1 -1 -1 -1 -1 -1 -1 -1 -1 -1 -1 -1 -1 -1 -1 -1111111 -1 -1 -1 -1 -1 -1 -1 -1 -1 -1 -1 -1 -1 -1 -1 -1 -1 -1 -1 -1 -1 -1 -1 -1 -1 -1 -1 -1 -1 -1 -1 -1 -1 -1 -1 -1 -1 -1 -1 -1
---                                       -----------                                                                                 ------
111 -1 -1 -1 -1 -1 -1 -1 -1 -1 -1 -1 -1 -111111111111 -1 -1 -1 -1 -1 -1 -1 -1 -1 -1 -1 -1 -1 -1 -1 -1 -1 -1 -1 -1 -1 -1 -1 -1 -1 -1 -1111111 -1 -1 -1 -1 -1 -1 -1 -1 -1 -1 -1 -1 -1 -1 -1 -1 -1 -1 -1 -1 -1 -1 -1 -1 -1 -1 -1 -1 -1 -1 -1 -1 -1 -1 -1 -1 -1 -1 -1 -1
---                                       -----------                                                                                 ------
111 -1 -1 -1 -1 -1 -1 -1 -1 -1 -1 -1 -1 -111111111111 -1 -1 -1 -1 -1 -1 -1 -1 -1 -1 -1 -1 -1 -1 -1 -1 -1 -1 -1 -1 -1 -1 -1 -1 -1 -1 -1111111 -1 -1 -1 -1 -1 -1 -1 -1 -1 -1 -1 -1 -1 -1 -1 -1 -1 -1 -1 -1 -1 -1 -1 -1 -1 -1 -1 -1 -1 -1 -1 -1 -1 -1 -1 -1 -1 -1 -1 -1
---                                       -----------                                                                                 ------
111 -1 -1 -1 -1 -1 -1 -1 -1 -1 -1 -1 -1 -111111111111 -1 -1 -1 -1 -1 -1 -1 -1 -1 -1 -1 -1 -1 -1 -1 -1 -1 -1 -1 -1 -1 -1 -1 -1 -1 -1 -1111111 -1 -1 -1 -1 -1 -1 -1 -1 -1 -1 -1 -1 -1 -1 -1 -1 -1 -1 -1 -1 -1 -1 -1 -1 -1 -1 -1 -1 -1 -1 -1 -1 -1 -1 -1 -1 -1 -1 -1 -1
---                                       -----------                                                                                 ------
111 -1 -1 -1 -1 -1 -1 -1 -1 -1 -1 -1 -1 -111111111111 -1 -1 -1 -1 -1 -1 -1 -1 -1 -1 -1 -1 -1 -1 -1 -1 -1 -1 -1 -1 -1 -1 -1 -1 -1 -1 -1111111 -1 -1 -1 -1 -1 -1 -1 -1 -1 -1 -1 -1 -1 -1 -1 -1 -1 -1 -1 -1 -1 -1 -1 -1 -1 -1 -1 -1 -1 -1 -1 -1 -1 -1 -1 -1 -1 -1 -1 -1
---                                       -----------                                                                                 ------
111 -1 -1 -1 -1 -1 -1 -1 -1 -1 -1 -1 -1 -111111111111 -1 -1 -1 -1 -1 -1 -1 -1 -1 -1 -1 -1 -1 -1 -1 -1 -1 -1 -1 -1 -1 -1 -1 -1 -1 -1 -1111111 -1 -1 -1 -1 -1 -1 -1 -1 -1 -1 -1 -1 -1 -1 -1 -1 -1 -1 -1 -1 -1 -1 -1 -1 -1 -1 -1 -1 -1 -1 -1 -1 -1 -1 -1 -1 -1 -1 -1 -1
---                                       -----------                                                                                 ------
111 -1 -1 -1 -1 -1 -1 -1 -1 -1 -1 -1 -1 -111111111111 -1 -1 -1 -1 -1 -1 -1 -1 -1 -1 -1 -1 -1 -1 -1 -1 -1 -1 -1 -1 -1 -1 -1 -1 -1 -1 -1111111 -1 -1 -1 -1 -1 -1 -1 -1 -1 -1 -1 -1 -1 -1 -1 -1 -1 -1 -1 -1 -1 -1 -1 -1 -1 -1 -1 -1 -1 -1 -1 -1 -1 -1 -1 -1 -1 -1 -1 -1
---                                       -----------                                                                                 ------
111 -1 -1 -1 -1 -1 -1 -1 -1 -1 -1 -1 -1 -111111111111 -1 -1 -1 -1 -1 -1 -1 -1 -1 -1 -1 -1 -1 -1 -1 -1 -1 -1 -1 -1 -1 -1 -1 -1 -1 -1 -1111111 -1 -1 -1 -1 -1 -1 -1 -1 -1 -1 -1 -1 -1 -1 -1 -1 -1 -1 -1 -1 -1 -1 -1 -1 -1 -1 -1 -1 -1 -1 -1 -1 -1 -1 -1 -1 -1 -1 -1 -1
---                                       -----------                                                                                 ------
111 -1 -1 -1 -1 -1 -1 -1 -1 -1 -1 -1 -1 -111111111111 -1 -1 -1 -1 -1 -1 -1 -1 -1 -1 -1 -1 -1 -1 -1 -1 -1 -1 -1 -1 -1 -1 -1 -1 -1 -1 -1111111 -1 -1 -1 -1 -1 -1 -1 -1 -1 -1 -1 -1 -1 -1 -1 -1 -1 -1 -1 -1 -1 -1 -1 -1 -1 -1 -1 -1 -1 -1 -1 -1 -1 -1 -1 -1 -1 -1 -1 -1
---                                       -----------                                                                                 ------
111 -1 -1 -1 -1 -1 -1 -1 -1 -1 -1 -1 -1 -111111111111 -1 -1 -1 -1 -1 -1 -1 -1 -1 -1 -1 -1 -1 -1 -1 -1 -1 -1 -1 -1 -1 -1 -1 -1 -1 -1 -1111111 -1 -1 -1 -1 -1 -1 -1 -1 -1 -1 -1 -1 -1 -1 -1 -1 -1 -1 -1 -1 -1 -1 -1 -1 -1 -1 -1 -1 -1 -1 -1 -1 -1 -1 -1 -1 -1 -1 -1 -1
---                                       -----------                                                                                 ------
111 -1 -1 -1 -1 -1 -1 -1 -1 -1 -1 -1 -1 -111111111111 -1 -1 -1 -1 -1 -1 -1 -1 -1 -1 -1 -1 -1 -1 -1 -1 -1 -1 -1 -1 -1 -1 -1 -1 -1 -1 -1111111 -1 -1 -1 -1 -1 -1 -1 -1 -1 -1 -1 -1 -1 -1 -1 -1 -1 -1 -1 -1 -1 -1 -1 -1 -1 -1 -1 -1 -1 -1 -1 -1 -1 -1 -1 -1 -1 -1 -1 -1
---                                       -----------                                                                                 ------
111 -1 -1 -1 -1 -1 -1 -1 -1 -1 -1 -1 -1 -111111111111 -1 -1 -1 -1 -1 -1 -1 -1 -1 -1 -1 -1 -1 -1 -1 -1 -1 -1 -1 -1 -1 -1 -1 -1 -1 -1 -1111111 -1 -1 -1 -1 -1 -1 -1 -1 -1 -1 -1 -1 -1 -1 -1 -1 -1 -1 -1 -1 -1 -1 -1 -1 -1 -1 -1 -1 -1 -1 -1 -1 -1 -1 -1 -1 -1 -1 -1 -1
---                                       -----------                                                                                 ------
111 -1 -1 -1 -1 -1 -1 -1 -1 -1 -1 -1 -1 -111111111111 -1 -1 -1 -1 -1 -1 -1 -1 -1 -1 -1 -1 -1 -1 -1 -1 -1 -1 -1 -1 -1 -1 -1 -1 -1 -1 -1111111 -1 -1 -1 -1 -1 -1 -1 -1 -1 -1 -1 -1 -1 -1 -1 -1 -1 -1 -1 -1 -1 -1 -1 -1 -1 -1 -1 -1 -1 -1 -1 -1 -1 -1 -1 -1 -1 -1 -1 -1
---                                       -----------                                                                                 ------
111 -1 -1 -1 -1 -1 -1 -1 -1 -1 -1 -1 -1 -111111111111 -1 -1 -1 -1 -1 -1 -1 -1 -1 -1 -1 -1 -1 -1 -1 -1 -1 -1 -1 -1 -1 -1 -1 -1 -1 -1 -1111111 -1 -1 -1 -1 -1 -1 -1 -1 -1 -1 -1 -1 -1 -1 -1 -1 -1 -1 -1 -1 -1 -1 -1 -1 -1 -1 -1 -1 -1 -1 -1 -1 -1 -1 -1 -1 -1 -1 -1 -1
---                                       -----------                                                                                 ------
111 -1 -1 -1 -1 -1 -1 -1 -1 -1 -1 -1 -1 -111111111111 -1 -1 -1 -1 -1 -1 -1 -1 -1 -1 -1 -1 -1 -1 -1 -1 -1 -1 -1 -1 -1 -1 -1 -1 -1 -1 -1111111 -1 -1 -1 -1 -1 -1 -1 -1 -1 -1 -1 -1 -1 -1 -1 -1 -1 -1 -1 -1 -1 -1 -1 -1 -1 -1 -1 -1 -1 -1 -1 -1 -1 -1 -1 -1 -1 -1 -1 -1
---                                       -----------                                                                                 ------
111 -1 -1 -1 -1 -1 -1 -1 -1 -1 -1 -1 -1 -111111111111 -1 -1 -1 -1 -1 -1 -1 -1 -1 -1 -1 -1 -1 -1 -1 -1 -1 -1 -1 -1 -1 -1 -1 -1 -1 -1 -1111111 -1 -1 -1 -1 -1 -1 -1 -1 -1 -1 -1 -1 -1 -1 -1 -1 -1 -1 -1 -1 -1 -1 -1 -1 -1 -1 -1 -1 -1 -1 -1 -1 -1 -1 -1 -1 -1 -1 -1 -1
---                                       -----------                                                                                 ------
111 -1 -1 -1 -1 -1 -1 -1 -1 -1 -1 -1 -1 -111111111111 -1 -1 -1 -1 -1 -1 -1 -1 -1 -1 -1 -1 -1 -1 -1 -1 -1 -1 -1 -1 -1 -1 -1 -1 -1 -1 -1111111 -1 -1 -1 -1 -1 -1 -1 -1 -1 -1 -1 -1 -1 -1 -1 -1 -1 -1 -1 -1 -1 -1 -1 -1 -1 -1 -1 -1 -1 -1 -1 -1 -1 -1 -1 -1 -1 -1 -1 -1
---                                       -----------                                                                                 ------
111 -1 -1 -1 -1 -1 -1 -1 -1 -1 -1 -1 -1 -111111111111 -1 -1 -1 -1 -1 -1 -1 -1 -1 -1 -1 -1 -1 -1 -1 -1 -1 -1 -1 -1 -1 -1 -1 -1 -1 -1 -1111111 -1 -1 -1 -1 -1 -1 -1 -1 -1 -1 -1 -1 -1 -1 -1 -1 -1 -1 -1 -1 -1 -1 -1 -1 -1 -1 -1 -1 -1 -1 -1 -1 -1 -1 -1 -1 -1 -1 -1 -1
---                                       -----------                                                                                 ------
111 -1 -1 -1 -1 -1 -1 -1 -1 -1 -1 -1 -1 -111111111111 -1 -1 -1 -1 -1 -1 -1 -1 -1 -1 -1 -1 -1 -1 -1 -1 -1 -1 -1 -1 -1 -1 -1 -1 -1 -1 -1111111 -1 -1 -1 -1 -1 -1 -1 -1 -1 -1 -1 -1 -1 -1 -1 -1 -1 -1 -1 -1 -1 -1 -1 -1 -1 -1 -1 -1 -1 -1 -1 -1 -1 -1 -1 -1 -1 -1 -1 -1
---                                       -----------                                                                                 ------
111 -1 -1 -1 -1 -1 -1 -1 -1 -1 -1 -1 -1 -111111111111 -1 -1 -1 -1 -1 -1 -1 -1 -1 -1 -1 -1 -1 -1 -1 -1 -1 -1 -1 -1 -1 -1 -1 -1 -1 -1 -1111111 -1 -1 -1 -1 -1 -1 -1 -1 -1 -1 -1 -1 -1 -1 -1 -1 -1 -1 -1 -1 -1 -1 -1 -1 -1 -1 -1 -1 -1 -1 -1 -1 -1 -1 -1 -1 -1 -1 -1 -1
---                                       -----------                                                                                 ------
111 -1 -1 -1 -1 -1 -1 -1 -1 -1 -1 -1 -1 -111111111111 -1 -1 -1 -1 -1 -1 -1 -1 -1 -1 -1 -1 -1 -1 -1 -1 -1 -1 -1 -1 -1 -1 -1 -1 -1 -1 -1111111 -1 -1 -1 -1 -1 -1 -1 -1 -1 -1 -1 -1 -1 -1 -1 -1 -1 -1 -1 -1 -1 -1 -1 -1 -1 -1 -1 -1 -1 -1 -1 -1 -1 -1 -1 -1 -1 -1 -1 -1

---                                       -----------                                                                                 ------
111 -1 -1 -1 -1 -1 -1 -1 -1 -1 -1 -1 -1 -111111111111 -1 -1 -1 -1 -1 -1 -1 -1 -1 -1 -1 -1 -1 -1 -1 -1 -1 -1 -1 -1 -1 -1 -1 -1 -1 -1 -1111111 -1 -1 -1 -1 -1 -1 -1 -1 -1 -1 -1 -1 -1 -1 -1 -1 -1 -1 -1 -1 -1 -1 -1 -1 -1 -1 -1 -1 -1 -1 -1 -1 -1 -1 -1 -1 -1 -1 -1 -1
---                                       -----------                                                                                 ------
111 -1 -1 -1 -1 -1 -1 -1 -1 -1 -1 -1 -1 -111111111111 -1 -1 -1 -1 -1 -1 -1 -1 -1 -1 -1 -1 -1 -1 -1 -1 -1 -1 -1 -1 -1 -1 -1 -1 -1 -1 -1111111 -1 -1 -1 -1 -1 -1 -1 -1 -1 -1 -1 -1 -1 -1 -1 -1 -1 -1 -1 -1 -1 -1 -1 -1 -1 -1 -1 -1 -1 -1 -1 -1 -1 -1 -1 -1 -1 -1 -1 -1
---                                       -----------                                                                                 ------
111 -1 -1 -1 -1 -1 -1 -1 -1 -1 -1 -1 -1 -111111111111 -1 -1 -1 -1 -1 -1 -1 -1 -1 -1 -1 -1 -1 -1 -1 -1 -1 -1 -1 -1 -1 -1 -1 -1 -1 -1 -1111111 -1 -1 -1 -1 -1 -1 -1 -1 -1 -1 -1 -1 -1 -1 -1 -1 -1 -1 -1 -1 -1 -1 -1 -1 -1 -1 -1 -1 -1 -1 -1 -1 -1 -1 -1 -1 -1 -1 -1 -1
---                                       -----------                                                                                 ------
111 -1 -1 -1 -1 -1 -1 -1 -1 -1 -1 -1 -1 -111111111111 -1 -1 -1 -1 -1 -1 -1 -1 -1 -1 -1 -1 -1 -1 -1 -1 -1 -1 -1 -1 -1 -1 -1 -1 -1 -1 -1111111 -1 -1 -1 -1 -1 -1 -1 -1 -1 -1 -1 -1 -1 -1 -1 -1 -1 -1 -1 -1 -1 -1 -1 -1 -1 -1 -1 -1 -1 -1 -1 -1 -1 -1 -1 -1 -1 -1 -1 -1
---                                       -----------                                                                                 ------
111 -1 -1 -1 -1 -1 -1 -1 -1 -1 -1 -1 -1 -111111111111 -1 -1 -1 -1 -1 -1 -1 -1 -1 -1 -1 -1 -1 -1 -1 -1 -1 -1 -1 -1 -1 -1 -1 -1 -1 -1 -1111111 -1 -1 -1 -1 -1 -1 -1 -1 -1 -1 -1 -1 -1 -1 -1 -1 -1 -1 -1 -1 -1 -1 -1 -1 -1 -1 -1 -1 -1 -1 -1 -1 -1 -1 -1 -1 -1 -1 -1 -1
---                                       -----------                                                                                 ------
111 -1 -1 -1 -1 -1 -1 -1 -1 -1 -1 -1 -1 -111111111111 -1 -1 -1 -1 -1 -1 -1 -1 -1 -1 -1 -1 -1 -1 -1 -1 -1 -1 -1 -1 -1 -1 -1 -1 -1 -1 -1111111 -1 -1 -1 -1 -1 -1 -1 -1 -1 -1 -1 -1 -1 -1 -1 -1 -1 -1 -1 -1 -1 -1 -1 -1 -1 -1 -1 -1 -1 -1 -1 -1 -1 -1 -1 -1 -1 -1 -1 -1
---                                       -----------                                                                                 ------
111 -1 -1 -1 -1 -1 -1 -1 -1 -1 -1 -1 -1 -111111111111 -1 -1 -1 -1 -1 -1 -1 -1 -1 -1 -1 -1 -1 -1 -1 -1 -1 -1 -1 -1 -1 -1 -1 -1 -1 -1 -1111111 -1 -1 -1 -1 -1 -1 -1 -1 -1 -1 -1 -1 -1 -1 -1 -1 -1 -1 -1 -1 -1 -1 -1 -1 -1 -1 -1 -1 -1 -1 -1 -1 -1 -1 -1 -1 -1 -1 -1 -1
---                                       -----------                                                                                 ------
111 -1 -1 -1 -1 -1 -1 -1 -1 -1 -1 -1 -1 -111111111111 -1 -1 -1 -1 -1 -1 -1 -1 -1 -1 -1 -1 -1 -1 -1 -1 -1 -1 -1 -1 -1 -1 -1 -1 -1 -1 -1111111 -1 -1 -1 -1 -1 -1 -1 -1 -1 -1 -1 -1 -1 -1 -1 -1 -1 -1 -1 -1 -1 -1 -1 -1 -1 -1 -1 -1 -1 -1 -1 -1 -1 -1 -1 -1 -1 -1 -1 -1
---                                       -----------                                                                                 ------
111 -1 -1 -1 -1 -1 -1 -1 -1 -1 -1 -1 -1 -111111111111 -1 -1 -1 -1 -1 -1 -1 -1 -1 -1 -1 -1 -1 -1 -1 -1 -1 -1 -1 -1 -1 -1 -1 -1 -1 -1 -1111111 -1 -1 -1 -1 -1 -1 -1 -1 -1 -1 -1 -1 -1 -1 -1 -1 -1 -1 -1 -1 -1 -1 -1 -1 -1 -1 -1 -1 -1 -1 -1 -1 -1 -1 -1 -1 -1 -1 -1 -1
---                                       -----------                                                                                 ------
111 -1 -1 -1 -1 -1 -1 -1 -1 -1 -1 -1 -1 -111111111111 -1 -1 -1 -1 -1 -1 -1 -1 -1 -1 -1 -1 -1 -1 -1 -1 -1 -1 -1 -1 -1 -1 -1 -1 -1 -1 -1111111 -1 -1 -1 -1 -1 -1 -1 -1 -1 -1 -1 -1 -1 -1 -1 -1 -1 -1 -1 -1 -1 -1 -1 -1 -1 -1 -1 -1 -1 -1 -1 -1 -1 -1 -1 -1 -1 -1 -1 -1
---                                       -----------                                                                                 ------
111 -1 -1 -1 -1 -1 -1 -1 -1 -1 -1 -1 -1 -111111111111 -1 -1 -1 -1 -1 -1 -1 -1 -1 -1 -1 -1 -1 -1 -1 -1 -1 -1 -1 -1 -1 -1 -1 -1 -1 -1 -1111111 -1 -1 -1 -1 -1 -1 -1 -1 -1 -1 -1 -1 -1 -1 -1 -1 -1 -1 -1 -1 -1 -1 -1 -1 -1 -1 -1 -1 -1 -1 -1 -1 -1 -1 -1 -1 -1 -1 -1 -1
---                                       -----------                                                                                 ------
111 -1 -1 -1 -1 -1 -1 -1 -1 -1 -1 -1 -1 -111111111111 -1 -1 -1 -1 -1 -1 -1 -1 -1 -1 -1 -1 -1 -1 -1 -1 -1 -1 -1 -1 -1 -1 -1 -1 -1 -1 -1111111 -1 -1 -1 -1 -1 -1 -1 -1 -1 -1 -1 -1 -1 -1 -1 -1 -1 -1 -1 -1 -1 -1 -1 -1 -1 -1 -1 -1 -1 -1 -1 -1 -1 -1 -1 -1 -1 -1 -1 -1
---                                       -----------                                                                                 ------
111 -1 -1 -1 -1 -1 -1 -1 -1 -1 -1 -1 -1 -111111111111 -1 -1 -1 -1 -1 -1 -1 -1 -1 -1 -1 -1 -1 -1 -1 -1 -1 -1 -1 -1 -1 -1 -1 -1 -1 -1 -1111111 -1 -1 -1 -1 -1 -1 -1 -1 -1 -1 -1 -1 -1 -1 -1 -1 -1 -1 -1 -1 -1 -1 -1 -1 -1 -1 -1 -1 -1 -1 -1 -1 -1 -1 -1 -1 -1 -1 -1 -1
---                                       -----------                                                                                 ------
111 -1 -1 -1 -1 -1 -1 -1 -1 -1 -1 -1 -1 -111111111111 -1 -1 -1 -1 -1 -1 -1 -1 -1 -1 -1 -1 -1 -1 -1 -1 -1 -1 -1 -1 -1 -1 -1 -1 -1 -1 -1111111 -1 -1 -1 -1 -1 -1 -1 -1 -1 -1 -1 -1 -1 -1 -1 -1 -1 -1 -1 -1 -1 -1 -1 -1 -1 -1 -1 -1 -1 -1 -1 -1 -1 -1 -1 -1 -1 -1 -1 -1
---                                       -----------                                                                                 ------
111 -1 -1 -1 -1 -1 -1 -1 -1 -1 -1 -1 -1 -111111111111 -1 -1 -1 -1 -1 -1 -1 -1 -1 -1 -1 -1 -1 -1 -1 -1 -1 -1 -1 -1 -1 -1 -1 -1 -1 -1 -1111111 -1 -1 -1 -1 -1 -1 -1 -1 -1 -1 -1 -1 -1 -1 -1 -1 -1 -1 -1 -1 -1 -1 -1 -1 -1 -1 -1 -1 -1 -1 -1 -1 -1 -1 -1 -1 -1 -1 -1 -1
---                                       -----------                                                                                 ------
111 -1 -1 -1 -1 -1 -1 -1 -1 -1 -1 -1 -1 -111111111111 -1 -1 -1 -1 -1 -1 -1 -1 -1 -1 -1 -1 -1 -1 -1 -1 -1 -1 -1 -1 -1 -1 -1 -1 -1 -1 -1111111 -1 -1 -1 -1 -1 -1 -1 -1 -1 -1 -1 -1 -1 -1 -1 -1 -1 -1 -1 -1 -1 -1 -1 -1 -1 -1 -1 -1 -1 -1 -1 -1 -1 -1 -1 -1 -1 -1 -1 -1
---                                       -----------                                                                                 ------
111 -1 -1 -1 -1 -1 -1 -1 -1 -1 -1 -1 -1 -111111111111 -1 -1 -1 -1 -1 -1 -1 -1 -1 -1 -1 -1 -1 -1 -1 -1 -1 -1 -1 -1 -1 -1 -1 -1 -1 -1 -1111111 -1 -1 -1 -1 -1 -1 -1 -1 -1 -1 -1 -1 -1 -1 -1 -1 -1 -1 -1 -1 -1 -1 -1 -1 -1 -1 -1 -1 -1 -1 -1 -1 -1 -1 -1 -1 -1 -1 -1 -1
---                                       -----------                                                                                 ------
111 -1 -1 -1 -1 -1 -1 -1 -1 -1 -1 -1 -1 -111111111111 -1 -1 -1 -1 -1 -1 -1 -1 -1 -1 -1 -1 -1 -1 -1 -1 -1 -1 -1 -1 -1 -1 -1 -1 -1 -1 -1111111 -1 -1 -1 -1 -1 -1 -1 -1 -1 -1 -1 -1 -1 -1 -1 -1 -1 -1 -1 -1 -1 -1 -1 -1 -1 -1 -1 -1 -1 -1 -1 -1 -1 -1 -1 -1 -1 -1 -1 -1
---                                       -----------                                                                                 ------
111 -1 -1 -1 -1 -1 -1 -1 -1 -1 -1 -1 -1 -111111111111 -1 -1 -1 -1 -1 -1 -1 -1 -1 -1 -1 -1 -1 -1 -1 -1 -1 -1 -1 -1 -1 -1 -1 -1 -1 -1 -1111111 -1 -1 -1 -1 -1 -1 -1 -1 -1 -1 -1 -1 -1 -1 -1 -1 -1 -1 -1 -1 -1 -1 -1 -1 -1 -1 -1 -1 -1 -1 -1 -1 -1 -1 -1 -1 -1 -1 -1 -1
---                                       -----------                                                                                 ------
111 -1 -1 -1 -1 -1 -1 -1 -1 -1 -1 -1 -1 -111111111111 -1 -1 -1 -1 -1 -1 -1 -1 -1 -1 -1 -1 -1 -1 -1 -1 -1 -1 -1 -1 -1 -1 -1 -1 -1 -1 -1111111 -1 -1 -1 -1 -1 -1 -1 -1 -1 -1 -1 -1 -1 -1 -1 -1 -1 -1 -1 -1 -1 -1 -1 -1 -1 -1 -1 -1 -1 -1 -1 -1 -1 -1 -1 -1 -1 -1 -1 -1
---                                       -----------                                                                                 ------
111 -1 -1 -1 -1 -1 -1 -1 -1 -1 -1 -1 -1 -111111111111 -1 -1 -1 -1 -1 -1 -1 -1 -1 -1 -1 -1 -1 -1 -1 -1 -1 -1 -1 -1 -1 -1 -1 -1 -1 -1 -1111111 -1 -1 -1 -1 -1 -1 -1 -1 -1 -1 -1 -1 -1 -1 -1 -1 -1 -1 -1 -1 -1 -1 -1 -1 -1 -1 -1 -1 -1 -1 -1 -1 -1 -1 -1 -1 -1 -1 -1 -1
---                                       -----------                                                                                 ------
111 -1 -1 -1 -1 -1 -1 -1 -1 -1 -1 -1 -1 -111111111111 -1 -1 -1 -1 -1 -1 -1 -1 -1 -1 -1 -1 -1 -1 -1 -1 -1 -1 -1 -1 -1 -1 -1 -1 -1 -1 -1111111 -1 -1 -1 -1 -1 -1 -1 -1 -1 -1 -1 -1 -1 -1 -1 -1 -1 -1 -1 -1 -1 -1 -1 -1 -1 -1 -1 -1 -1 -1 -1 -1 -1 -1 -1 -1 -1 -1 -1 -1
